4 0.591796875 0.21875 0.287109375 0.0654296875
4 0.5927734375 0.3564453125 0.3818359375 0.1142578125
4 0.46484375 0.9287109375 0.578125 0.1416015625
4 0.5849609375 0.1767578125 0.271484375 0.0712890625
4 0.5908203125 0.2783203125 0.3271484375 0.0849609375
4 0.5927734375 0.0595703125 0.1943359375 0.029296875
4 0.5947265625 0.0341796875 0.1826171875 0.0263671875
4 0.5810546875 0.5107421875 0.80859375 0.978515625
4 0.5927734375 0.4580078125 0.458984375 0.162109375
4 0.5966796875 0.60546875 0.57421875 0.2421875
4 0.5927734375 0.08984375 0.212890625 0.03515625
4 0.6005859375 0.8173828125 0.7529296875 0.365234375
4 0.5927734375 0.146484375 0.2314453125 0.0859375
