4 0.650390625 0.296875 0.2041015625 0.0927734375
4 0.59765625 0.3681640625 0.275390625 0.1376953125
4 0.5810546875 0.423828125 0.3154296875 0.12109375
4 0.7861328125 0.880859375 0.4267578125 0.2373046875
4 0.5498046875 0.65234375 0.4599609375 0.208984375
4 0.587890625 0.810546875 0.59765625 0.37890625
4 0.6142578125 0.322265625 0.24609375 0.1552734375
4 0.6416015625 0.61328125 0.7119140625 0.7734375
4 0.552734375 0.482421875 0.380859375 0.134765625
4 0.6318359375 0.314453125 0.21875 0.1044921875
4 0.6728515625 0.2685546875 0.1787109375 0.083984375
