4 0.5341796875 0.1552734375 0.2939453125 0.123046875
4 0.525390625 0.0341796875 0.115234375 0.0380859375
4 0.5458984375 0.255859375 0.4091796875 0.1142578125
4 0.5703125 0.7421875 0.859375 0.50390625
4 0.52734375 0.0751953125 0.1328125 0.0302734375
4 0.5302734375 0.09765625 0.2607421875 0.0712890625
4 0.556640625 0.3427734375 0.5048828125 0.138671875
4 0.5458984375 0.5 0.908203125 1
4 0.5771484375 0.46875 0.6630859375 0.1904296875
4 0.52734375 0.0625 0.126953125 0.041015625
4 0.5400390625 0.1904296875 0.3447265625 0.1044921875
4 0.544921875 0.9150390625 0.9091796875 0.1689453125
