4 0.5625 0.3427734375 0.3173828125 0.0849609375
4 0.5615234375 0.283203125 0.275390625 0.06640625
4 0.5751953125 0.6884765625 0.5859375 0.2451171875
4 0.560546875 0.236328125 0.2451171875 0.0546875
4 0.5595703125 0.1962890625 0.2197265625 0.0458984375
4 0.5654296875 0.421875 0.375 0.11328125
4 0.55859375 0.548828125 0.7578125 0.9013671875
4 0.5693359375 0.5283203125 0.4580078125 0.1591796875
4 0.55859375 0.8701171875 0.7578125 0.259765625
4 0.560546875 0.1611328125 0.19921875 0.037109375
4 0.5595703125 0.1328125 0.18359375 0.03125
