4 0.5224609375 0.2119140625 0.3564453125 0.041015625
4 0.5224609375 0.177734375 0.3115234375 0.0390625
4 0.5224609375 0.130859375 0.263671875 0.025390625
4 0.5234375 0.251953125 0.3955078125 0.0478515625
4 0.5263671875 0.3017578125 0.4423828125 0.0556640625
4 0.5224609375 0.15234375 0.2939453125 0.03125
4 0.5 0.5205078125 1 0.958984375
4 0.52734375 0.4345703125 0.5966796875 0.095703125
4 0.5263671875 0.361328125 0.5146484375 0.0673828125
4 0.53125 0.53515625 0.72265625 0.1455078125
4 0.537109375 0.6826171875 0.916015625 0.1953125
