18 0.10625 0.13203125 0.07421875 0.128125
18 0.2109375 0.1609375 0.090625 0.146875
18 0.41484375 0.16640625 0.09296875 0.10859375
18 0.44453125 0.11171875 0.0578125 0.125
18 0.66640625 0.2734375 0.09765625 0.14453125
18 0.86328125 0.3734375 0.1 0.16875
18 0.93984375 0.284375 0.09296875 0.171875
18 0.96171875 0.19453125 0.07578125 0.171875
18 0.371875 0.3390625 0.0796875 0.14453125
18 0.04453125 0.328125 0.0890625 0.1828125
18 0.3453125 0.66328125 0.11640625 0.23125
18 0.7234375 0.5734375 0.1140625 0.22578125
18 0.70078125 0.8609375 0.134375 0.26171875
