4 0.814453125 0.32421875 0.08203125 0.1201171875
4 0.59375 0.435546875 0.3330078125 0.181640625
4 0.845703125 0.93359375 0.30859375 0.1328125
4 0.6357421875 0.3896484375 0.28125 0.1962890625
4 0.552734375 0.6767578125 0.5 0.2275390625
4 0.62890625 0.6240234375 0.7353515625 0.7509765625
4 0.560546875 0.509765625 0.400390625 0.1669921875
4 0.5791015625 0.8525390625 0.630859375 0.294921875
4 0.6796875 0.36328125 0.224609375 0.203125
4 0.763671875 0.333984375 0.1181640625 0.166015625
4 0.71875 0.34375 0.171875 0.193359375
